All_Bricks_left_bottom_dx_dy_isShown_PowerupAssociation_colors_type
673.000000 535.000000 65.000000 25.000000 0 -1 141 135 192 1
641.000000 510.000000 65.000000 25.000000 0 -1 27 168 108 1
706.000000 510.000000 65.000000 25.000000 0 -1 48 18 69 1
609.000000 485.000000 65.000000 25.000000 0 -1 189 135 225 1
674.000000 485.000000 65.000000 25.000000 0 -1 234 186 39 1
739.000000 485.000000 65.000000 25.000000 0 -1 141 105 189 1
577.000000 460.000000 65.000000 25.000000 0 -1 138 48 24 1
642.000000 460.000000 65.000000 25.000000 0 -1 48 51 168 1
707.000000 460.000000 65.000000 25.000000 0 0 192 228 231 1
772.000000 460.000000 65.000000 25.000000 0 -1 222 108 30 1
545.000000 435.000000 65.000000 25.000000 0 -1 150 114 33 1
610.000000 435.000000 65.000000 25.000000 0 -1 177 207 81 1
675.000000 435.000000 65.000000 25.000000 0 -1 12 249 147 1
740.000000 435.000000 65.000000 25.000000 0 -1 177 45 210 1
805.000000 435.000000 65.000000 25.000000 0 -1 237 33 204 1
513.000000 410.000000 65.000000 25.000000 0 -1 162 171 129 1
578.000000 410.000000 65.000000 25.000000 0 -1 234 6 135 1
643.000000 410.000000 65.000000 25.000000 0 -1 69 243 6 1
708.000000 410.000000 65.000000 25.000000 0 -1 165 126 237 1
773.000000 410.000000 65.000000 25.000000 0 -1 147 207 27 1
838.000000 410.000000 65.000000 25.000000 1 10 102 186 42 1
481.000000 385.000000 65.000000 25.000000 0 -1 54 60 21 1
546.000000 385.000000 65.000000 25.000000 0 3 231 114 51 1
611.000000 385.000000 65.000000 25.000000 0 -1 24 165 189 1
676.000000 385.000000 65.000000 25.000000 0 -1 99 66 135 1
741.000000 385.000000 65.000000 25.000000 0 15 126 195 174 1
806.000000 385.000000 65.000000 25.000000 1 -1 186 126 57 1
871.000000 385.000000 65.000000 25.000000 1 -1 36 225 39 1
449.000000 360.000000 65.000000 25.000000 0 9 162 174 156 1
514.000000 360.000000 65.000000 25.000000 0 -1 168 213 189 1
579.000000 360.000000 65.000000 25.000000 0 -1 186 240 159 1
644.000000 360.000000 65.000000 25.000000 0 -1 90 78 231 1
709.000000 360.000000 65.000000 25.000000 0 -1 171 156 18 1
774.000000 360.000000 65.000000 25.000000 1 -1 177 240 186 1
839.000000 360.000000 65.000000 25.000000 1 -1 90 174 102 1
904.000000 360.000000 65.000000 25.000000 0 5 225 45 195 1
417.000000 335.000000 65.000000 25.000000 0 -1 189 228 15 1
482.000000 335.000000 65.000000 25.000000 0 -1 78 231 180 1
547.000000 335.000000 65.000000 25.000000 0 -1 165 165 27 1
612.000000 335.000000 65.000000 25.000000 0 -1 180 102 162 1
677.000000 335.000000 65.000000 25.000000 0 -1 0 168 57 1
742.000000 335.000000 65.000000 25.000000 1 -1 144 111 93 1
807.000000 335.000000 65.000000 25.000000 1 -1 78 9 204 1
872.000000 335.000000 65.000000 25.000000 1 -1 153 207 249 1
937.000000 335.000000 65.000000 25.000000 0 6 222 117 96 1
385.000000 310.000000 65.000000 25.000000 0 -1 240 201 105 1
450.000000 310.000000 65.000000 25.000000 0 -1 168 0 246 1
515.000000 310.000000 65.000000 25.000000 0 -1 120 0 168 1
580.000000 310.000000 65.000000 25.000000 0 -1 156 174 189 1
645.000000 310.000000 65.000000 25.000000 0 -1 72 27 186 1
710.000000 310.000000 65.000000 25.000000 0 -1 3 210 6 1
775.000000 310.000000 65.000000 25.000000 1 -1 246 72 225 1
840.000000 310.000000 65.000000 25.000000 1 -1 126 57 159 1
905.000000 310.000000 65.000000 25.000000 1 -1 24 135 51 1
970.000000 310.000000 65.000000 25.000000 0 -1 6 114 93 1
353.000000 285.000000 65.000000 25.000000 0 14 246 3 240 1
418.000000 285.000000 65.000000 25.000000 0 -1 165 222 45 1
483.000000 285.000000 65.000000 25.000000 0 -1 246 123 45 1
548.000000 285.000000 65.000000 25.000000 0 -1 33 78 3 1
613.000000 285.000000 65.000000 25.000000 0 -1 108 141 219 1
678.000000 285.000000 65.000000 25.000000 0 -1 45 120 147 1
743.000000 285.000000 65.000000 25.000000 1 -1 39 9 30 1
808.000000 285.000000 65.000000 25.000000 1 -1 78 141 177 1
873.000000 285.000000 65.000000 25.000000 1 -1 135 99 9 1
938.000000 285.000000 65.000000 25.000000 0 -1 204 105 6 1
1003.000000 285.000000 65.000000 25.000000 0 -1 6 30 144 1
321.000000 260.000000 65.000000 25.000000 0 -1 192 24 30 1
386.000000 260.000000 65.000000 25.000000 0 -1 186 87 51 1
451.000000 260.000000 65.000000 25.000000 0 -1 24 99 36 1
516.000000 260.000000 65.000000 25.000000 0 13 243 210 30 1
581.000000 260.000000 65.000000 25.000000 0 -1 219 219 42 1
646.000000 260.000000 65.000000 25.000000 0 -1 75 240 3 1
711.000000 260.000000 65.000000 25.000000 1 2 177 0 168 1
776.000000 260.000000 65.000000 25.000000 1 12 111 75 114 1
841.000000 260.000000 65.000000 25.000000 1 -1 105 213 33 1
906.000000 260.000000 65.000000 25.000000 1 -1 33 21 78 1
971.000000 260.000000 65.000000 25.000000 0 -1 36 36 198 1
1036.000000 260.000000 65.000000 25.000000 0 4 207 108 183 1
289.000000 235.000000 65.000000 25.000000 0 -1 51 111 246 1
354.000000 235.000000 65.000000 25.000000 0 -1 156 243 75 1
419.000000 235.000000 65.000000 25.000000 0 -1 213 84 222 1
484.000000 235.000000 65.000000 25.000000 0 -1 12 180 42 1
549.000000 235.000000 65.000000 25.000000 0 -1 21 78 60 1
614.000000 235.000000 65.000000 25.000000 0 -1 204 141 42 1
679.000000 235.000000 65.000000 25.000000 1 -1 207 72 171 1
744.000000 235.000000 65.000000 25.000000 1 1 111 12 21 1
809.000000 235.000000 65.000000 25.000000 1 11 219 171 54 1
874.000000 235.000000 65.000000 25.000000 1 -1 183 225 111 1
939.000000 235.000000 65.000000 25.000000 1 -1 204 0 54 1
1004.000000 235.000000 65.000000 25.000000 0 -1 39 126 117 1
1069.000000 235.000000 65.000000 25.000000 0 8 153 138 90 1
257.000000 210.000000 65.000000 25.000000 0 -1 117 180 228 1
322.000000 210.000000 65.000000 25.000000 0 -1 60 33 177 1
387.000000 210.000000 65.000000 25.000000 0 -1 225 234 150 1
452.000000 210.000000 65.000000 25.000000 0 -1 174 27 18 1
517.000000 210.000000 65.000000 25.000000 0 -1 114 207 66 1
582.000000 210.000000 65.000000 25.000000 0 -1 42 93 114 1
647.000000 210.000000 65.000000 25.000000 0 -1 183 105 231 1
712.000000 210.000000 65.000000 25.000000 0 -1 24 213 135 1
777.000000 210.000000 65.000000 25.000000 1 -1 144 198 150 1
842.000000 210.000000 65.000000 25.000000 0 -1 105 156 216 1
907.000000 210.000000 65.000000 25.000000 1 7 213 66 72 1
972.000000 210.000000 65.000000 25.000000 1 -1 114 156 249 1
1037.000000 210.000000 65.000000 25.000000 0 -1 228 24 30 1
1102.000000 210.000000 65.000000 25.000000 0 -1 144 75 36 1
All_Powerups_type_index_state_isCaught_left_bottom
3 8 2 1 707.000000 29.000000
3 85 0 0 744.000000 189.000000
1 72 0 0 711.000000 214.000000
1 22 2 1 546.000000 64.000000
9 77 2 0 1036.000000 -16.000000
6 35 2 0 904.000000 -1.000000
7 44 2 0 937.000000 -16.000000
5 101 0 0 907.000000 164.000000
10 90 2 0 1069.000000 -16.000000
10 28 2 1 449.000000 4.000000
8 20 0 0 838.000000 364.000000
8 86 0 0 809.000000 189.000000
4 73 0 0 776.000000 214.000000
0 69 2 1 516.000000 64.000000
0 55 2 1 353.000000 64.000000
2 25 2 0 741.000000 -1.000000
Score 3410
Bricks 26
isThruBall 1
AreBricksFalling 1
shownScore shouldRestart
shouldRestart 0
isSoundOn 1
SpeedChange 1.002500
Velocity_dx_dy -5.716978 7.285312
Previous_Center_dx_dy 213.690567 453.763540
CurrentPaddle_Left_Bottom_dx_dy_sideCircleRadius 341.000000 50.000000 110.000000 15.000000 5.000000
Center_x_y_isActivated_isMoving_radius 213.690567 453.763540 1 1 10.000000
Time 17 1 1:17
Life 5
